accuracy: 1.0, total: 2000
accurate count: 2000, inaccurate: 0
time: 0.170928213333, total: 2000
accuracy: 0.52125, total: 4000
accurate count: 2085, inaccurate: 1915
time: 4.17744298667, total: 4000
